# Buttons
B_UP: ⬆️
B_DOWN: ⬇️
B_LEFT: ⬅️
B_RIGHT: ➡️
B_X: ❎
B_O: 🅾️
PLAYER_MODEL: lines;1;,9,0.5,0,-0.5,-0.3,-0.3,0,-0.5,0.3,0.5,0;collisions;1;,-0.3,0,0.3;collisions;2;,0,0,0.2;collisions;3;,0.2,0,0.1;collisions;4;,0.3,0,0.1;collisions;5;,0.4,0,0.1;
PLAYER_SPACESHIP: field,1;collisions;1;,-0.4,0,0.6;collisions;2;,0.2,0,0.3;collisions;3;,0.5,0,0.3;collisions;4;,0.8,0,0.2;collisions;5;,-0.7,-0.4,0.2;collisions;6;,-0.7,0.4,0.2;fills;1;,8,1,0,0.7,0.2,0.6,0.1,0.6,-0.1,0.7,-0.2,1,0;fills;2;,12,0.7,-0.2,0.6,-0.2,0.1,-0.3,-0.5,-0.2,-0.6,0,-0.5,0.2,0.1,0.3,0.6,0.2,0.7,0.2,0.6,0.1,0.6,-0.1,0.7,-0.2;fills;3;,7,0.5,0,0.4,-0.1,0.3,-0.1,0.2,0,0.3,0.1,0.4,0.1,0.5,0;fills;4;,1,0,-0.3,-0.2,-0.5,-0.6,-0.6,-0.8,-0.6,-0.9,-0.5,-0.6,-0.4,-0.5,-0.2,0,-0.3;fills;5;,1,0,0.3,-0.2,0.5,-0.6,0.6,-0.8,0.6,-0.9,0.5,-0.6,0.4,-0.5,0.2,0,0.3;fills;6;,2,-0.7,-0.3,-0.8,-0.1,-0.8,0.1,-0.7,0.3,-0.5,0.2,-0.6,0,-0.5,-0.2,-0.7,-0.3;lines;1;,5,-0.5,-0.2,-0.7,-0.3,-0.8,-0.1,-0.8,0.1,-0.7,0.3,-0.5,0.2;lines;2;,13,0,-0.3,-0.2,-0.5,-0.6,-0.6,-0.8,-0.6,-0.9,-0.5,-0.6,-0.4,-0.5,-0.2;lines;3;,13,0,0.3,-0.2,0.5,-0.6,0.6,-0.8,0.6,-0.9,0.5,-0.6,0.4,-0.5,0.2;lines;4;,13,0,0,-0.9,0;lines;5;,7,1,0,0.7,-0.2,0.2,-0.3,0,-0.3,-0.5,-0.2,-0.6,0;lines;6;,7,1,0,0.7,0.2,0.2,0.3,0,0.3,-0.5,0.2,-0.6,0;lines;7;,13,0.7,-0.2,1,0,0.7,0.2,0.6,0.1,0.6,-0.1,0.7,-0.2;lines;8;,13,0.5,0,0.4,-0.1,0.3,-0.1,0.2,0,0.3,0.1,0.4,0.1,0.5,0;
CATEROID: field,2;lines;1;,7,-1.2,-0.4,-1.3,0,-1.2,0.5,-0.8,0.9,-0.4,1,0,1;lines;2;,7,1.2,-0.4,1.3,0,1.2,0.5,0.8,0.9,0.4,1,0,1;lines;3;,7,0,0.4,0.2,0.3,0.1,0.2,-0.1,0.2,-0.2,0.3,0,0.4;lines;4;,7,0,0.4,0,0.5,-0.1,0.6,-0.2,0.6;lines;5;,7,0,0.4,0,0.5,0.1,0.6,0.2,0.6;lines;6;,7,0.6,0.2,0.5,0.1,0.5,-0.1,0.6,-0.2,0.7,-0.1,0.7,0.1,0.6,0.2;lines;7;,7,-0.6,0.2,-0.5,0.1,-0.5,-0.1,-0.6,-0.2,-0.7,-0.1,-0.7,0.1,-0.6,0.2;lines;8;,7,-1,-0.6,-0.8,-0.8,-0.5,-1,-0.1,-1.1,0,-1.1;lines;9;,7,1,-0.6,0.8,-0.8,0.5,-1,0.1,-1.1,0,-1.1;lines;10;,7,-1.2,-0.5,-1.1,-1.1,-0.9,-1.5,-0.5,-1;lines;11;,7,1.2,-0.5,1.1,-1.1,0.9,-1.5,0.5,-1;lines;12;,7,0.9,-1.5,0.8,-1.2,0.8,-0.8;lines;13;,7,-0.9,-1.5,-0.8,-1.2,-0.8,-0.8;lines;14;,7,0.9,0.3,1.2,0.3;lines;15;,7,-0.9,0.3,-1.2,0.3;lines;16;,7,0.9,0.2,1.1,0;lines;17;,7,-0.9,0.2,-1.1,0;lines;18;,7,0.9,0.4,1.1,0.6;lines;19;,7,-0.9,0.4,-1.1,0.6;collisions;1;,0.3,0,1;collisions;2;,-0.3,0,1;collisions;3;,-0.8,-0.9,0.4;collisions;4;,-0.9,-1.3,0.2;collisions;5;,-0.8,-0.6,0.4;collisions;6;,0.8,-0.9,0.4;collisions;7;,0.9,-1.3,0.2;collisions;8;,0.8,-0.6,0.4;collisions;9;,0,-0.3,0.9;
